image_id = [1160013,
1592791,
1593051,
2409135,
2408961,
2399624,
2392505,
2391207,
2388662,
2387556,
2387051,
2384200,
2373077,
498359,
712948,
712986,
713449,
713546,
713563,
713641,
713731,
713758,
713855,
713944,
1159303,
1159345,
1159395,
1159516,
1159650,
1159689,
1159829,
1159965,
1160072,
1160139,
1591893,
1592079,
1592240,
1592297,
1592400,
1592436,
1592470,
1592525,
1159469,
713909,
713055,
713654,
1592118,
1592792,
1592865,
1592974,
2414121,
2414292,
2412491,
2412443,
2411010,
2411021,
2410869,
2410922,
2410655,
2410734,
2410551,
2410622,
2410526,
2410535,
2410272,
2410277,
2410244,
2409673,
2409325,
2409588,
2409178,
2409243,
2409149,
2408883,
2409043,
2409006,
2408554,
2409024,
2408141,
2408459,
2407812,
2408112,
2407663,
2407367,
2406971,
2407019,
2406706,
2406960,
2406546,
2411014,
2410547,
2410506,
2409412,
2369122,
2363031,
2357296,
2352638,
2352598,
2348303,
2346280]