2412606,
2410781,
2410377,
2410050,
2408470,
2407676,
2404305,
2388556,
2388115,
2387451,
2380177,
2376716,
2375578,
2372788,
498397,
712978,
712993,
713013,
713133,
713302,
713343,
713679,
713692,
1159870,
1159898,
1160193,
1592010,
1592070,
1592214,
1592426,
1592634,
1592775,
1592859,
1593188,
1593220,
2412576,
2410938,
2410466,
2409188,
2408793,
2407589,
2407451,
2405655,
2405578,
2405480,
2405206,
2405184,
2404525,
2404048,
2333681,
713726,
2371130,
2370814,
2365932,
2365884,
2360489,
2358319,
2358043,
2356084,
2352108,
2351173,
2349900